lattice_dims: 60 60 60 
atomtypes: 0:vacancy 1:lithium 
num_regions: 7
regions begin  
1: BLOCK Z xmin:0 xmax:28 ymin:0 ymax:60 zmin:59 zmax:60 rate_neg 4.56e7 rate_pos 5e12 INTERFACE 1 0 1 2 7e8
2: BLOCK X xmin:28 xmax:29 ymin:0 ymax:60 zmin:59 zmax:60 rate_neg 7.65954e11 rate_pos 7.65954e11
3: BLOCK X xmin:28 xmax:29 ymin:0 ymax:60 zmin:0 zmax:59 rate_neg 7.65954e11 rate_pos 7.65954e11
4: BLOCK Z xmin:29 xmax:32 ymin:0 ymax:60 zmin:0 zmax:60 rate_neg 7.65954e11 rate_pos 7.65954e11 
5: BLOCK X xmin:32 xmax:33 ymin:0 ymax:60 zmin:59 zmax:60 rate_neg 7.65954e11 rate_pos 7.65954e11
6: BLOCK X xmin:32 xmax:33 ymin:0 ymax:60 zmin:0 zmax:59 rate_neg 7.65954e11 rate_pos 7.65954e11
7: BLOCK Z xmin:33 xmax:60 ymin:0 ymax:60 zmin:59 zmax:60 rate_neg 4.56e7 rate_pos 5e12 INTERFACE 1 0 1 2 7e8
regions end
rates begin
diag 7.65954e11 lateral 1.23537e6 void_threshold 3 void_rate 6.84e8 
terrace_rate_111 1.43e9 terrace_rate_100 1.43e9 void_gb_diss_rate 6.84e8
rates end
v 24 28 55 0.0 
v 24 28 56 0.0 
v 24 28 57 0.0 
v 24 28 58 0.0 
v 24 28 59 0.0 
v 24 29 55 0.0 
v 24 29 56 0.0 
v 24 29 57 0.0 
v 24 29 58 0.0 
v 24 29 59 0.0 
v 25 26 55 0.0 
v 25 26 56 0.0 
v 25 26 57 0.0 
v 25 26 58 0.0 
v 25 26 59 0.0 
v 25 27 55 0.0 
v 25 27 56 0.0 
v 25 27 57 0.0 
v 25 27 58 0.0 
v 25 27 59 0.0 
v 25 28 55 0.0 
v 25 28 56 0.0 
v 25 28 57 0.0 
v 25 28 58 0.0 
v 25 28 59 0.0 
v 25 29 55 0.0 
v 25 29 56 0.0 
v 25 29 57 0.0 
v 25 29 58 0.0 
v 25 29 59 0.0 
v 25 30 55 0.0 
v 25 30 56 0.0 
v 25 30 57 0.0 
v 25 30 58 0.0 
v 25 30 59 0.0 
v 25 31 55 0.0 
v 25 31 56 0.0 
v 25 31 57 0.0 
v 25 31 58 0.0 
v 25 31 59 0.0 
v 26 24 55 0.0 
v 26 24 56 0.0 
v 26 24 57 0.0 
v 26 24 58 0.0 
v 26 24 59 0.0 
v 26 25 55 0.0 
v 26 25 56 0.0 
v 26 25 57 0.0 
v 26 25 58 0.0 
v 26 25 59 0.0 
v 26 26 55 0.0 
v 26 26 56 0.0 
v 26 26 57 0.0 
v 26 26 58 0.0 
v 26 26 59 0.0 
v 26 27 55 0.0 
v 26 27 56 0.0 
v 26 27 57 0.0 
v 26 27 58 0.0 
v 26 27 59 0.0 
v 26 28 55 0.0 
v 26 28 56 0.0 
v 26 28 57 0.0 
v 26 28 58 0.0 
v 26 28 59 0.0 
v 26 29 54 0.0 
v 26 29 55 0.0 
v 26 29 56 0.0 
v 26 29 57 0.0 
v 26 29 58 0.0 
v 26 29 59 0.0 
v 26 30 55 0.0 
v 26 30 56 0.0 
v 26 30 57 0.0 
v 26 30 58 0.0 
v 26 30 59 0.0 
v 26 31 55 0.0 
v 26 31 56 0.0 
v 26 31 57 0.0 
v 26 31 58 0.0 
v 26 31 59 0.0 
v 26 32 55 0.0 
v 26 32 56 0.0 
v 26 32 57 0.0 
v 26 32 58 0.0 
v 26 32 59 0.0 
v 26 33 55 0.0 
v 26 33 56 0.0 
v 26 33 57 0.0 
v 26 33 58 0.0 
v 26 33 59 0.0 
v 27 22 55 0.0 
v 27 22 56 0.0 
v 27 22 57 0.0 
v 27 22 58 0.0 
v 27 22 59 0.0 
v 27 23 55 0.0 
v 27 23 56 0.0 
v 27 23 57 0.0 
v 27 23 58 0.0 
v 27 23 59 0.0 
v 27 24 55 0.0 
v 27 24 56 0.0 
v 27 24 57 0.0 
v 27 24 58 0.0 
v 27 24 59 0.0 
v 27 25 55 0.0 
v 27 25 56 0.0 
v 27 25 57 0.0 
v 27 25 58 0.0 
v 27 25 59 0.0 
v 27 26 55 0.0 
v 27 26 56 0.0 
v 27 26 57 0.0 
v 27 26 58 0.0 
v 27 26 59 0.0 
v 27 27 54 0.0 
v 27 27 55 0.0 
v 27 27 56 0.0 
v 27 27 57 0.0 
v 27 27 58 0.0 
v 27 27 59 0.0 
v 27 28 54 0.0 
v 27 28 55 0.0 
v 27 28 56 0.0 
v 27 28 57 0.0 
v 27 28 58 0.0 
v 27 28 59 0.0 
v 27 29 53 0.0 
v 27 29 54 0.0 
v 27 29 55 0.0 
v 27 29 56 0.0 
v 27 29 57 0.0 
v 27 29 58 0.0 
v 27 29 59 0.0 
v 27 30 54 0.0 
v 27 30 55 0.0 
v 27 30 56 0.0 
v 27 30 57 0.0 
v 27 30 58 0.0 
v 27 30 59 0.0 
v 27 31 54 0.0 
v 27 31 55 0.0 
v 27 31 56 0.0 
v 27 31 57 0.0 
v 27 31 58 0.0 
v 27 31 59 0.0 
v 27 32 55 0.0 
v 27 32 56 0.0 
v 27 32 57 0.0 
v 27 32 58 0.0 
v 27 32 59 0.0 
v 27 33 55 0.0 
v 27 33 56 0.0 
v 27 33 57 0.0 
v 27 33 58 0.0 
v 27 33 59 0.0 
v 27 34 55 0.0 
v 27 34 56 0.0 
v 27 34 57 0.0 
v 27 34 58 0.0 
v 27 34 59 0.0 
v 27 35 55 0.0 
v 27 35 56 0.0 
v 27 35 57 0.0 
v 27 35 58 0.0 
v 27 35 59 0.0 
v 28 22 55 0.0 
v 28 22 56 0.0 
v 28 22 57 0.0 
v 28 22 58 0.0 
v 28 22 59 0.0 
v 28 23 55 0.0 
v 28 23 56 0.0 
v 28 23 57 0.0 
v 28 23 58 0.0 
v 28 23 59 0.0 
v 28 24 54 0.0 
v 28 24 55 0.0 
v 28 24 56 0.0 
v 28 24 57 0.0 
v 28 24 58 0.0 
v 28 24 59 0.0 
v 28 25 54 0.0 
v 28 25 55 0.0 
v 28 25 56 0.0 
v 28 25 57 0.0 
v 28 25 58 0.0 
v 28 25 59 0.0 
v 28 26 53 0.0 
v 28 26 54 0.0 
v 28 26 55 0.0 
v 28 26 56 0.0 
v 28 26 57 0.0 
v 28 26 58 0.0 
v 28 26 59 0.0 
v 28 27 53 0.0 
v 28 27 54 0.0 
v 28 27 55 0.0 
v 28 27 56 0.0 
v 28 27 57 0.0 
v 28 27 58 0.0 
v 28 27 59 0.0 
v 28 28 53 0.0 
v 28 28 54 0.0 
v 28 28 55 0.0 
v 28 28 56 0.0 
v 28 28 57 0.0 
v 28 28 58 0.0 
v 28 28 59 0.0 
v 28 29 53 0.0 
v 28 29 54 0.0 
v 28 29 55 0.0 
v 28 29 56 0.0 
v 28 29 57 0.0 
v 28 29 58 0.0 
v 28 29 59 0.0 
v 28 30 53 0.0 
v 28 30 54 0.0 
v 28 30 55 0.0 
v 28 30 56 0.0 
v 28 30 57 0.0 
v 28 30 58 0.0 
v 28 30 59 0.0 
v 28 31 53 0.0 
v 28 31 54 0.0 
v 28 31 55 0.0 
v 28 31 56 0.0 
v 28 31 57 0.0 
v 28 31 58 0.0 
v 28 31 59 0.0 
v 28 32 53 0.0 
v 28 32 54 0.0 
v 28 32 55 0.0 
v 28 32 56 0.0 
v 28 32 57 0.0 
v 28 32 58 0.0 
v 28 32 59 0.0 
v 28 33 54 0.0 
v 28 33 55 0.0 
v 28 33 56 0.0 
v 28 33 57 0.0 
v 28 33 58 0.0 
v 28 33 59 0.0 
v 28 34 54 0.0 
v 28 34 55 0.0 
v 28 34 56 0.0 
v 28 34 57 0.0 
v 28 34 58 0.0 
v 28 34 59 0.0 
v 28 35 55 0.0 
v 28 35 56 0.0 
v 28 35 57 0.0 
v 28 35 58 0.0 
v 28 35 59 0.0 
v 29 22 55 0.0 
v 29 22 56 0.0 
v 29 22 57 0.0 
v 29 22 58 0.0 
v 29 22 59 0.0 
v 29 23 55 0.0 
v 29 23 56 0.0 
v 29 23 57 0.0 
v 29 23 58 0.0 
v 29 23 59 0.0 
v 29 24 54 0.0 
v 29 24 55 0.0 
v 29 24 56 0.0 
v 29 24 57 0.0 
v 29 24 58 0.0 
v 29 24 59 0.0 
v 29 25 54 0.0 
v 29 25 55 0.0 
v 29 25 56 0.0 
v 29 25 57 0.0 
v 29 25 58 0.0 
v 29 25 59 0.0 
v 29 26 53 0.0 
v 29 26 54 0.0 
v 29 26 55 0.0 
v 29 26 56 0.0 
v 29 26 57 0.0 
v 29 26 58 0.0 
v 29 26 59 0.0 
v 29 27 53 0.0 
v 29 27 54 0.0 
v 29 27 55 0.0 
v 29 27 56 0.0 
v 29 27 57 0.0 
v 29 27 58 0.0 
v 29 27 59 0.0 
v 29 28 52 0.0 
v 29 28 53 0.0 
v 29 28 54 0.0 
v 29 28 55 0.0 
v 29 28 56 0.0 
v 29 28 57 0.0 
v 29 28 58 0.0 
v 29 28 59 0.0 
v 29 29 52 0.0 
v 29 29 53 0.0 
v 29 29 54 0.0 
v 29 29 55 0.0 
v 29 29 56 0.0 
v 29 29 57 0.0 
v 29 29 58 0.0 
v 29 29 59 0.0 
v 29 30 52 0.0 
v 29 30 53 0.0 
v 29 30 54 0.0 
v 29 30 55 0.0 
v 29 30 56 0.0 
v 29 30 57 0.0 
v 29 30 58 0.0 
v 29 30 59 0.0 
v 29 31 53 0.0 
v 29 31 54 0.0 
v 29 31 55 0.0 
v 29 31 56 0.0 
v 29 31 57 0.0 
v 29 31 58 0.0 
v 29 31 59 0.0 
v 29 32 53 0.0 
v 29 32 54 0.0 
v 29 32 55 0.0 
v 29 32 56 0.0 
v 29 32 57 0.0 
v 29 32 58 0.0 
v 29 32 59 0.0 
v 29 33 54 0.0 
v 29 33 55 0.0 
v 29 33 56 0.0 
v 29 33 57 0.0 
v 29 33 58 0.0 
v 29 33 59 0.0 
v 29 34 54 0.0 
v 29 34 55 0.0 
v 29 34 56 0.0 
v 29 34 57 0.0 
v 29 34 58 0.0 
v 29 34 59 0.0 
v 29 35 55 0.0 
v 29 35 56 0.0 
v 29 35 57 0.0 
v 29 35 58 0.0 
v 29 35 59 0.0 
v 30 22 55 0.0 
v 30 22 56 0.0 
v 30 22 57 0.0 
v 30 22 58 0.0 
v 30 22 59 0.0 
v 30 23 55 0.0 
v 30 23 56 0.0 
v 30 23 57 0.0 
v 30 23 58 0.0 
v 30 23 59 0.0 
v 30 24 54 0.0 
v 30 24 55 0.0 
v 30 24 56 0.0 
v 30 24 57 0.0 
v 30 24 58 0.0 
v 30 24 59 0.0 
v 30 25 54 0.0 
v 30 25 55 0.0 
v 30 25 56 0.0 
v 30 25 57 0.0 
v 30 25 58 0.0 
v 30 25 59 0.0 
v 30 26 54 0.0 
v 30 26 55 0.0 
v 30 26 56 0.0 
v 30 26 57 0.0 
v 30 26 58 0.0 
v 30 26 59 0.0 
v 30 27 54 0.0 
v 30 27 55 0.0 
v 30 27 56 0.0 
v 30 27 57 0.0 
v 30 27 58 0.0 
v 30 27 59 0.0 
v 30 28 53 0.0 
v 30 28 54 0.0 
v 30 28 55 0.0 
v 30 28 56 0.0 
v 30 28 57 0.0 
v 30 28 58 0.0 
v 30 28 59 0.0 
v 30 29 53 0.0 
v 30 29 54 0.0 
v 30 29 55 0.0 
v 30 29 56 0.0 
v 30 29 57 0.0 
v 30 29 58 0.0 
v 30 29 59 0.0 
v 30 30 53 0.0 
v 30 30 54 0.0 
v 30 30 55 0.0 
v 30 30 56 0.0 
v 30 30 57 0.0 
v 30 30 58 0.0 
v 30 30 59 0.0 
v 30 31 54 0.0 
v 30 31 55 0.0 
v 30 31 56 0.0 
v 30 31 57 0.0 
v 30 31 58 0.0 
v 30 31 59 0.0 
v 30 32 54 0.0 
v 30 32 55 0.0 
v 30 32 56 0.0 
v 30 32 57 0.0 
v 30 32 58 0.0 
v 30 32 59 0.0 
v 30 33 54 0.0 
v 30 33 55 0.0 
v 30 33 56 0.0 
v 30 33 57 0.0 
v 30 33 58 0.0 
v 30 33 59 0.0 
v 30 34 54 0.0 
v 30 34 55 0.0 
v 30 34 56 0.0 
v 30 34 57 0.0 
v 30 34 58 0.0 
v 30 34 59 0.0 
v 30 35 55 0.0 
v 30 35 56 0.0 
v 30 35 57 0.0 
v 30 35 58 0.0 
v 30 35 59 0.0 
v 31 24 55 0.0 
v 31 24 56 0.0 
v 31 24 57 0.0 
v 31 24 58 0.0 
v 31 24 59 0.0 
v 31 25 55 0.0 
v 31 25 56 0.0 
v 31 25 57 0.0 
v 31 25 58 0.0 
v 31 25 59 0.0 
v 31 26 54 0.0 
v 31 26 55 0.0 
v 31 26 56 0.0 
v 31 26 57 0.0 
v 31 26 58 0.0 
v 31 26 59 0.0 
v 31 27 54 0.0 
v 31 27 55 0.0 
v 31 27 56 0.0 
v 31 27 57 0.0 
v 31 27 58 0.0 
v 31 27 59 0.0 
v 31 28 54 0.0 
v 31 28 55 0.0 
v 31 28 56 0.0 
v 31 28 57 0.0 
v 31 28 58 0.0 
v 31 28 59 0.0 
v 31 29 54 0.0 
v 31 29 55 0.0 
v 31 29 56 0.0 
v 31 29 57 0.0 
v 31 29 58 0.0 
v 31 29 59 0.0 
v 31 30 54 0.0 
v 31 30 55 0.0 
v 31 30 56 0.0 
v 31 30 57 0.0 
v 31 30 58 0.0 
v 31 30 59 0.0 
v 31 31 54 0.0 
v 31 31 55 0.0 
v 31 31 56 0.0 
v 31 31 57 0.0 
v 31 31 58 0.0 
v 31 31 59 0.0 
v 31 32 54 0.0 
v 31 32 55 0.0 
v 31 32 56 0.0 
v 31 32 57 0.0 
v 31 32 58 0.0 
v 31 32 59 0.0 
v 31 33 55 0.0 
v 31 33 56 0.0 
v 31 33 57 0.0 
v 31 33 58 0.0 
v 31 33 59 0.0 
v 31 34 55 0.0 
v 31 34 56 0.0 
v 31 34 57 0.0 
v 31 34 58 0.0 
v 31 34 59 0.0 
v 31 35 55 0.0 
v 31 35 56 0.0 
v 31 35 57 0.0 
v 31 35 58 0.0 
v 31 35 59 0.0 
v 32 26 55 0.0 
v 32 26 56 0.0 
v 32 26 57 0.0 
v 32 26 58 0.0 
v 32 26 59 0.0 
v 32 27 55 0.0 
v 32 27 56 0.0 
v 32 27 57 0.0 
v 32 27 58 0.0 
v 32 27 59 0.0 
v 32 28 54 0.0 
v 32 28 55 0.0 
v 32 28 56 0.0 
v 32 28 57 0.0 
v 32 28 58 0.0 
v 32 28 59 0.0 
v 32 29 54 0.0 
v 32 29 55 0.0 
v 32 29 56 0.0 
v 32 29 57 0.0 
v 32 29 58 0.0 
v 32 29 59 0.0 
v 32 30 54 0.0 
v 32 30 55 0.0 
v 32 30 56 0.0 
v 32 30 57 0.0 
v 32 30 58 0.0 
v 32 30 59 0.0 
v 32 31 55 0.0 
v 32 31 56 0.0 
v 32 31 57 0.0 
v 32 31 58 0.0 
v 32 31 59 0.0 
v 32 32 55 0.0 
v 32 32 56 0.0 
v 32 32 57 0.0 
v 32 32 58 0.0 
v 32 32 59 0.0 
v 32 33 55 0.0 
v 32 33 56 0.0 
v 32 33 57 0.0 
v 32 33 58 0.0 
v 32 33 59 0.0 
v 33 28 55 0.0 
v 33 28 56 0.0 
v 33 28 57 0.0 
v 33 28 58 0.0 
v 33 28 59 0.0 
v 33 29 55 0.0 
v 33 29 56 0.0 
v 33 29 57 0.0 
v 33 29 58 0.0 
v 33 29 59 0.0 
v 33 30 55 0.0 
v 33 30 56 0.0 
v 33 30 57 0.0 
v 33 30 58 0.0 
v 33 30 59 0.0 
v 33 31 55 0.0 
v 33 31 56 0.0 
v 33 31 57 0.0 
v 33 31 58 0.0 
v 33 31 59 0.0 
bc 24.5 26.5 55.5 0.0 
bc 24.5 26.5 56.5 0.0 
bc 24.5 26.5 57.5 0.0 
bc 24.5 26.5 58.5 0.0 
bc 24.5 27.5 54.5 0.0 
bc 24.5 27.5 55.5 0.0 
bc 24.5 27.5 56.5 0.0 
bc 24.5 27.5 57.5 0.0 
bc 24.5 27.5 58.5 0.0 
bc 24.5 27.5 59.5 0.0 
bc 24.5 28.5 54.5 0.0 
bc 24.5 28.5 55.5 0.0 
bc 24.5 28.5 56.5 0.0 
bc 24.5 28.5 57.5 0.0 
bc 24.5 28.5 58.5 0.0 
bc 24.5 28.5 59.5 0.0 
bc 24.5 29.5 54.5 0.0 
bc 24.5 29.5 55.5 0.0 
bc 24.5 29.5 56.5 0.0 
bc 24.5 29.5 57.5 0.0 
bc 24.5 29.5 58.5 0.0 
bc 24.5 29.5 59.5 0.0 
bc 25.5 24.5 55.5 0.0 
bc 25.5 24.5 56.5 0.0 
bc 25.5 24.5 57.5 0.0 
bc 25.5 24.5 58.5 0.0 
bc 25.5 25.5 54.5 0.0 
bc 25.5 25.5 55.5 0.0 
bc 25.5 25.5 56.5 0.0 
bc 25.5 25.5 57.5 0.0 
bc 25.5 25.5 58.5 0.0 
bc 25.5 25.5 59.5 0.0 
bc 25.5 26.5 54.5 0.0 
bc 25.5 26.5 55.5 0.0 
bc 25.5 26.5 56.5 0.0 
bc 25.5 26.5 57.5 0.0 
bc 25.5 26.5 58.5 0.0 
bc 25.5 26.5 59.5 0.0 
bc 25.5 27.5 54.5 0.0 
bc 25.5 27.5 55.5 0.0 
bc 25.5 27.5 56.5 0.0 
bc 25.5 27.5 57.5 0.0 
bc 25.5 27.5 58.5 0.0 
bc 25.5 27.5 59.5 0.0 
bc 25.5 28.5 54.5 0.0 
bc 25.5 28.5 55.5 0.0 
bc 25.5 28.5 56.5 0.0 
bc 25.5 28.5 57.5 0.0 
bc 25.5 28.5 58.5 0.0 
bc 25.5 28.5 59.5 0.0 
bc 25.5 29.5 54.5 0.0 
bc 25.5 29.5 55.5 0.0 
bc 25.5 29.5 56.5 0.0 
bc 25.5 29.5 57.5 0.0 
bc 25.5 29.5 58.5 0.0 
bc 25.5 29.5 59.5 0.0 
bc 25.5 30.5 54.5 0.0 
bc 25.5 30.5 55.5 0.0 
bc 25.5 30.5 56.5 0.0 
bc 25.5 30.5 57.5 0.0 
bc 25.5 30.5 58.5 0.0 
bc 25.5 30.5 59.5 0.0 
bc 25.5 31.5 54.5 0.0 
bc 25.5 31.5 55.5 0.0 
bc 25.5 31.5 56.5 0.0 
bc 25.5 31.5 57.5 0.0 
bc 25.5 31.5 58.5 0.0 
bc 25.5 31.5 59.5 0.0 
bc 26.5 22.5 55.5 0.0 
bc 26.5 22.5 56.5 0.0 
bc 26.5 22.5 57.5 0.0 
bc 26.5 22.5 58.5 0.0 
bc 26.5 23.5 54.5 0.0 
bc 26.5 23.5 55.5 0.0 
bc 26.5 23.5 56.5 0.0 
bc 26.5 23.5 57.5 0.0 
bc 26.5 23.5 58.5 0.0 
bc 26.5 23.5 59.5 0.0 
bc 26.5 24.5 54.5 0.0 
bc 26.5 24.5 55.5 0.0 
bc 26.5 24.5 56.5 0.0 
bc 26.5 24.5 57.5 0.0 
bc 26.5 24.5 58.5 0.0 
bc 26.5 24.5 59.5 0.0 
bc 26.5 25.5 54.5 0.0 
bc 26.5 25.5 55.5 0.0 
bc 26.5 25.5 56.5 0.0 
bc 26.5 25.5 57.5 0.0 
bc 26.5 25.5 58.5 0.0 
bc 26.5 25.5 59.5 0.0 
bc 26.5 26.5 54.5 0.0 
bc 26.5 26.5 55.5 0.0 
bc 26.5 26.5 56.5 0.0 
bc 26.5 26.5 57.5 0.0 
bc 26.5 26.5 58.5 0.0 
bc 26.5 26.5 59.5 0.0 
bc 26.5 27.5 54.5 0.0 
bc 26.5 27.5 55.5 0.0 
bc 26.5 27.5 56.5 0.0 
bc 26.5 27.5 57.5 0.0 
bc 26.5 27.5 58.5 0.0 
bc 26.5 27.5 59.5 0.0 
bc 26.5 28.5 53.5 0.0 
bc 26.5 28.5 54.5 0.0 
bc 26.5 28.5 55.5 0.0 
bc 26.5 28.5 56.5 0.0 
bc 26.5 28.5 57.5 0.0 
bc 26.5 28.5 58.5 0.0 
bc 26.5 28.5 59.5 0.0 
bc 26.5 29.5 54.5 0.0 
bc 26.5 29.5 55.5 0.0 
bc 26.5 29.5 56.5 0.0 
bc 26.5 29.5 57.5 0.0 
bc 26.5 29.5 58.5 0.0 
bc 26.5 29.5 59.5 0.0 
bc 26.5 30.5 54.5 0.0 
bc 26.5 30.5 55.5 0.0 
bc 26.5 30.5 56.5 0.0 
bc 26.5 30.5 57.5 0.0 
bc 26.5 30.5 58.5 0.0 
bc 26.5 30.5 59.5 0.0 
bc 26.5 31.5 54.5 0.0 
bc 26.5 31.5 55.5 0.0 
bc 26.5 31.5 56.5 0.0 
bc 26.5 31.5 57.5 0.0 
bc 26.5 31.5 58.5 0.0 
bc 26.5 31.5 59.5 0.0 
bc 26.5 32.5 54.5 0.0 
bc 26.5 32.5 55.5 0.0 
bc 26.5 32.5 56.5 0.0 
bc 26.5 32.5 57.5 0.0 
bc 26.5 32.5 58.5 0.0 
bc 26.5 32.5 59.5 0.0 
bc 26.5 33.5 54.5 0.0 
bc 26.5 33.5 55.5 0.0 
bc 26.5 33.5 56.5 0.0 
bc 26.5 33.5 57.5 0.0 
bc 26.5 33.5 58.5 0.0 
bc 26.5 33.5 59.5 0.0 
bc 27.5 22.5 54.5 0.0 
bc 27.5 22.5 55.5 0.0 
bc 27.5 22.5 56.5 0.0 
bc 27.5 22.5 57.5 0.0 
bc 27.5 22.5 58.5 0.0 
bc 27.5 22.5 59.5 0.0 
bc 27.5 23.5 54.5 0.0 
bc 27.5 23.5 55.5 0.0 
bc 27.5 23.5 56.5 0.0 
bc 27.5 23.5 57.5 0.0 
bc 27.5 23.5 58.5 0.0 
bc 27.5 23.5 59.5 0.0 
bc 27.5 24.5 54.5 0.0 
bc 27.5 24.5 55.5 0.0 
bc 27.5 24.5 56.5 0.0 
bc 27.5 24.5 57.5 0.0 
bc 27.5 24.5 58.5 0.0 
bc 27.5 24.5 59.5 0.0 
bc 27.5 25.5 54.5 0.0 
bc 27.5 25.5 55.5 0.0 
bc 27.5 25.5 56.5 0.0 
bc 27.5 25.5 57.5 0.0 
bc 27.5 25.5 58.5 0.0 
bc 27.5 25.5 59.5 0.0 
bc 27.5 26.5 53.5 0.0 
bc 27.5 26.5 54.5 0.0 
bc 27.5 26.5 55.5 0.0 
bc 27.5 26.5 56.5 0.0 
bc 27.5 26.5 57.5 0.0 
bc 27.5 26.5 58.5 0.0 
bc 27.5 26.5 59.5 0.0 
bc 27.5 27.5 53.5 0.0 
bc 27.5 27.5 54.5 0.0 
bc 27.5 27.5 55.5 0.0 
bc 27.5 27.5 56.5 0.0 
bc 27.5 27.5 57.5 0.0 
bc 27.5 27.5 58.5 0.0 
bc 27.5 27.5 59.5 0.0 
bc 27.5 28.5 52.5 0.0 
bc 27.5 28.5 53.5 0.0 
bc 27.5 28.5 54.5 0.0 
bc 27.5 28.5 55.5 0.0 
bc 27.5 28.5 56.5 0.0 
bc 27.5 28.5 57.5 0.0 
bc 27.5 28.5 58.5 0.0 
bc 27.5 28.5 59.5 0.0 
bc 27.5 29.5 52.5 0.0 
bc 27.5 29.5 53.5 0.0 
bc 27.5 29.5 54.5 0.0 
bc 27.5 29.5 55.5 0.0 
bc 27.5 29.5 56.5 0.0 
bc 27.5 29.5 57.5 0.0 
bc 27.5 29.5 58.5 0.0 
bc 27.5 29.5 59.5 0.0 
bc 27.5 30.5 53.5 0.0 
bc 27.5 30.5 54.5 0.0 
bc 27.5 30.5 55.5 0.0 
bc 27.5 30.5 56.5 0.0 
bc 27.5 30.5 57.5 0.0 
bc 27.5 30.5 58.5 0.0 
bc 27.5 30.5 59.5 0.0 
bc 27.5 31.5 54.5 0.0 
bc 27.5 31.5 55.5 0.0 
bc 27.5 31.5 56.5 0.0 
bc 27.5 31.5 57.5 0.0 
bc 27.5 31.5 58.5 0.0 
bc 27.5 31.5 59.5 0.0 
bc 27.5 32.5 54.5 0.0 
bc 27.5 32.5 55.5 0.0 
bc 27.5 32.5 56.5 0.0 
bc 27.5 32.5 57.5 0.0 
bc 27.5 32.5 58.5 0.0 
bc 27.5 32.5 59.5 0.0 
bc 27.5 33.5 54.5 0.0 
bc 27.5 33.5 55.5 0.0 
bc 27.5 33.5 56.5 0.0 
bc 27.5 33.5 57.5 0.0 
bc 27.5 33.5 58.5 0.0 
bc 27.5 33.5 59.5 0.0 
bc 27.5 34.5 54.5 0.0 
bc 27.5 34.5 55.5 0.0 
bc 27.5 34.5 56.5 0.0 
bc 27.5 34.5 57.5 0.0 
bc 27.5 34.5 58.5 0.0 
bc 27.5 34.5 59.5 0.0 
bc 27.5 35.5 55.5 0.0 
bc 27.5 35.5 56.5 0.0 
bc 27.5 35.5 57.5 0.0 
bc 27.5 35.5 58.5 0.0 
bc 28.5 22.5 54.5 0.0 
bc 28.5 22.5 55.5 0.0 
bc 28.5 22.5 56.5 0.0 
bc 28.5 22.5 57.5 0.0 
bc 28.5 22.5 58.5 0.0 
bc 28.5 22.5 59.5 0.0 
bc 28.5 23.5 54.5 0.0 
bc 28.5 23.5 55.5 0.0 
bc 28.5 23.5 56.5 0.0 
bc 28.5 23.5 57.5 0.0 
bc 28.5 23.5 58.5 0.0 
bc 28.5 23.5 59.5 0.0 
bc 28.5 24.5 53.5 0.0 
bc 28.5 24.5 54.5 0.0 
bc 28.5 24.5 55.5 0.0 
bc 28.5 24.5 56.5 0.0 
bc 28.5 24.5 57.5 0.0 
bc 28.5 24.5 58.5 0.0 
bc 28.5 24.5 59.5 0.0 
bc 28.5 25.5 53.5 0.0 
bc 28.5 25.5 54.5 0.0 
bc 28.5 25.5 55.5 0.0 
bc 28.5 25.5 56.5 0.0 
bc 28.5 25.5 57.5 0.0 
bc 28.5 25.5 58.5 0.0 
bc 28.5 25.5 59.5 0.0 
bc 28.5 26.5 52.5 0.0 
bc 28.5 26.5 53.5 0.0 
bc 28.5 26.5 54.5 0.0 
bc 28.5 26.5 55.5 0.0 
bc 28.5 26.5 56.5 0.0 
bc 28.5 26.5 57.5 0.0 
bc 28.5 26.5 58.5 0.0 
bc 28.5 26.5 59.5 0.0 
bc 28.5 27.5 52.5 0.0 
bc 28.5 27.5 53.5 0.0 
bc 28.5 27.5 54.5 0.0 
bc 28.5 27.5 55.5 0.0 
bc 28.5 27.5 56.5 0.0 
bc 28.5 27.5 57.5 0.0 
bc 28.5 27.5 58.5 0.0 
bc 28.5 27.5 59.5 0.0 
bc 28.5 28.5 52.5 0.0 
bc 28.5 28.5 53.5 0.0 
bc 28.5 28.5 54.5 0.0 
bc 28.5 28.5 55.5 0.0 
bc 28.5 28.5 56.5 0.0 
bc 28.5 28.5 57.5 0.0 
bc 28.5 28.5 58.5 0.0 
bc 28.5 28.5 59.5 0.0 
bc 28.5 29.5 52.5 0.0 
bc 28.5 29.5 53.5 0.0 
bc 28.5 29.5 54.5 0.0 
bc 28.5 29.5 55.5 0.0 
bc 28.5 29.5 56.5 0.0 
bc 28.5 29.5 57.5 0.0 
bc 28.5 29.5 58.5 0.0 
bc 28.5 29.5 59.5 0.0 
bc 28.5 30.5 52.5 0.0 
bc 28.5 30.5 53.5 0.0 
bc 28.5 30.5 54.5 0.0 
bc 28.5 30.5 55.5 0.0 
bc 28.5 30.5 56.5 0.0 
bc 28.5 30.5 57.5 0.0 
bc 28.5 30.5 58.5 0.0 
bc 28.5 30.5 59.5 0.0 
bc 28.5 31.5 52.5 0.0 
bc 28.5 31.5 53.5 0.0 
bc 28.5 31.5 54.5 0.0 
bc 28.5 31.5 55.5 0.0 
bc 28.5 31.5 56.5 0.0 
bc 28.5 31.5 57.5 0.0 
bc 28.5 31.5 58.5 0.0 
bc 28.5 31.5 59.5 0.0 
bc 28.5 32.5 53.5 0.0 
bc 28.5 32.5 54.5 0.0 
bc 28.5 32.5 55.5 0.0 
bc 28.5 32.5 56.5 0.0 
bc 28.5 32.5 57.5 0.0 
bc 28.5 32.5 58.5 0.0 
bc 28.5 32.5 59.5 0.0 
bc 28.5 33.5 54.5 0.0 
bc 28.5 33.5 55.5 0.0 
bc 28.5 33.5 56.5 0.0 
bc 28.5 33.5 57.5 0.0 
bc 28.5 33.5 58.5 0.0 
bc 28.5 33.5 59.5 0.0 
bc 28.5 34.5 54.5 0.0 
bc 28.5 34.5 55.5 0.0 
bc 28.5 34.5 56.5 0.0 
bc 28.5 34.5 57.5 0.0 
bc 28.5 34.5 58.5 0.0 
bc 28.5 34.5 59.5 0.0 
bc 28.5 35.5 55.5 0.0 
bc 28.5 35.5 56.5 0.0 
bc 28.5 35.5 57.5 0.0 
bc 28.5 35.5 58.5 0.0 
bc 29.5 22.5 54.5 0.0 
bc 29.5 22.5 55.5 0.0 
bc 29.5 22.5 56.5 0.0 
bc 29.5 22.5 57.5 0.0 
bc 29.5 22.5 58.5 0.0 
bc 29.5 22.5 59.5 0.0 
bc 29.5 23.5 54.5 0.0 
bc 29.5 23.5 55.5 0.0 
bc 29.5 23.5 56.5 0.0 
bc 29.5 23.5 57.5 0.0 
bc 29.5 23.5 58.5 0.0 
bc 29.5 23.5 59.5 0.0 
bc 29.5 24.5 53.5 0.0 
bc 29.5 24.5 54.5 0.0 
bc 29.5 24.5 55.5 0.0 
bc 29.5 24.5 56.5 0.0 
bc 29.5 24.5 57.5 0.0 
bc 29.5 24.5 58.5 0.0 
bc 29.5 24.5 59.5 0.0 
bc 29.5 25.5 53.5 0.0 
bc 29.5 25.5 54.5 0.0 
bc 29.5 25.5 55.5 0.0 
bc 29.5 25.5 56.5 0.0 
bc 29.5 25.5 57.5 0.0 
bc 29.5 25.5 58.5 0.0 
bc 29.5 25.5 59.5 0.0 
bc 29.5 26.5 53.5 0.0 
bc 29.5 26.5 54.5 0.0 
bc 29.5 26.5 55.5 0.0 
bc 29.5 26.5 56.5 0.0 
bc 29.5 26.5 57.5 0.0 
bc 29.5 26.5 58.5 0.0 
bc 29.5 26.5 59.5 0.0 
bc 29.5 27.5 53.5 0.0 
bc 29.5 27.5 54.5 0.0 
bc 29.5 27.5 55.5 0.0 
bc 29.5 27.5 56.5 0.0 
bc 29.5 27.5 57.5 0.0 
bc 29.5 27.5 58.5 0.0 
bc 29.5 27.5 59.5 0.0 
bc 29.5 28.5 52.5 0.0 
bc 29.5 28.5 53.5 0.0 
bc 29.5 28.5 54.5 0.0 
bc 29.5 28.5 55.5 0.0 
bc 29.5 28.5 56.5 0.0 
bc 29.5 28.5 57.5 0.0 
bc 29.5 28.5 58.5 0.0 
bc 29.5 28.5 59.5 0.0 
bc 29.5 29.5 52.5 0.0 
bc 29.5 29.5 53.5 0.0 
bc 29.5 29.5 54.5 0.0 
bc 29.5 29.5 55.5 0.0 
bc 29.5 29.5 56.5 0.0 
bc 29.5 29.5 57.5 0.0 
bc 29.5 29.5 58.5 0.0 
bc 29.5 29.5 59.5 0.0 
bc 29.5 30.5 53.5 0.0 
bc 29.5 30.5 54.5 0.0 
bc 29.5 30.5 55.5 0.0 
bc 29.5 30.5 56.5 0.0 
bc 29.5 30.5 57.5 0.0 
bc 29.5 30.5 58.5 0.0 
bc 29.5 30.5 59.5 0.0 
bc 29.5 31.5 53.5 0.0 
bc 29.5 31.5 54.5 0.0 
bc 29.5 31.5 55.5 0.0 
bc 29.5 31.5 56.5 0.0 
bc 29.5 31.5 57.5 0.0 
bc 29.5 31.5 58.5 0.0 
bc 29.5 31.5 59.5 0.0 
bc 29.5 32.5 53.5 0.0 
bc 29.5 32.5 54.5 0.0 
bc 29.5 32.5 55.5 0.0 
bc 29.5 32.5 56.5 0.0 
bc 29.5 32.5 57.5 0.0 
bc 29.5 32.5 58.5 0.0 
bc 29.5 32.5 59.5 0.0 
bc 29.5 33.5 54.5 0.0 
bc 29.5 33.5 55.5 0.0 
bc 29.5 33.5 56.5 0.0 
bc 29.5 33.5 57.5 0.0 
bc 29.5 33.5 58.5 0.0 
bc 29.5 33.5 59.5 0.0 
bc 29.5 34.5 54.5 0.0 
bc 29.5 34.5 55.5 0.0 
bc 29.5 34.5 56.5 0.0 
bc 29.5 34.5 57.5 0.0 
bc 29.5 34.5 58.5 0.0 
bc 29.5 34.5 59.5 0.0 
bc 29.5 35.5 55.5 0.0 
bc 29.5 35.5 56.5 0.0 
bc 29.5 35.5 57.5 0.0 
bc 29.5 35.5 58.5 0.0 
bc 30.5 22.5 55.5 0.0 
bc 30.5 22.5 56.5 0.0 
bc 30.5 22.5 57.5 0.0 
bc 30.5 22.5 58.5 0.0 
bc 30.5 23.5 54.5 0.0 
bc 30.5 23.5 55.5 0.0 
bc 30.5 23.5 56.5 0.0 
bc 30.5 23.5 57.5 0.0 
bc 30.5 23.5 58.5 0.0 
bc 30.5 23.5 59.5 0.0 
bc 30.5 24.5 54.5 0.0 
bc 30.5 24.5 55.5 0.0 
bc 30.5 24.5 56.5 0.0 
bc 30.5 24.5 57.5 0.0 
bc 30.5 24.5 58.5 0.0 
bc 30.5 24.5 59.5 0.0 
bc 30.5 25.5 54.5 0.0 
bc 30.5 25.5 55.5 0.0 
bc 30.5 25.5 56.5 0.0 
bc 30.5 25.5 57.5 0.0 
bc 30.5 25.5 58.5 0.0 
bc 30.5 25.5 59.5 0.0 
bc 30.5 26.5 53.5 0.0 
bc 30.5 26.5 54.5 0.0 
bc 30.5 26.5 55.5 0.0 
bc 30.5 26.5 56.5 0.0 
bc 30.5 26.5 57.5 0.0 
bc 30.5 26.5 58.5 0.0 
bc 30.5 26.5 59.5 0.0 
bc 30.5 27.5 53.5 0.0 
bc 30.5 27.5 54.5 0.0 
bc 30.5 27.5 55.5 0.0 
bc 30.5 27.5 56.5 0.0 
bc 30.5 27.5 57.5 0.0 
bc 30.5 27.5 58.5 0.0 
bc 30.5 27.5 59.5 0.0 
bc 30.5 28.5 53.5 0.0 
bc 30.5 28.5 54.5 0.0 
bc 30.5 28.5 55.5 0.0 
bc 30.5 28.5 56.5 0.0 
bc 30.5 28.5 57.5 0.0 
bc 30.5 28.5 58.5 0.0 
bc 30.5 28.5 59.5 0.0 
bc 30.5 29.5 53.5 0.0 
bc 30.5 29.5 54.5 0.0 
bc 30.5 29.5 55.5 0.0 
bc 30.5 29.5 56.5 0.0 
bc 30.5 29.5 57.5 0.0 
bc 30.5 29.5 58.5 0.0 
bc 30.5 29.5 59.5 0.0 
bc 30.5 30.5 53.5 0.0 
bc 30.5 30.5 54.5 0.0 
bc 30.5 30.5 55.5 0.0 
bc 30.5 30.5 56.5 0.0 
bc 30.5 30.5 57.5 0.0 
bc 30.5 30.5 58.5 0.0 
bc 30.5 30.5 59.5 0.0 
bc 30.5 31.5 54.5 0.0 
bc 30.5 31.5 55.5 0.0 
bc 30.5 31.5 56.5 0.0 
bc 30.5 31.5 57.5 0.0 
bc 30.5 31.5 58.5 0.0 
bc 30.5 31.5 59.5 0.0 
bc 30.5 32.5 54.5 0.0 
bc 30.5 32.5 55.5 0.0 
bc 30.5 32.5 56.5 0.0 
bc 30.5 32.5 57.5 0.0 
bc 30.5 32.5 58.5 0.0 
bc 30.5 32.5 59.5 0.0 
bc 30.5 33.5 54.5 0.0 
bc 30.5 33.5 55.5 0.0 
bc 30.5 33.5 56.5 0.0 
bc 30.5 33.5 57.5 0.0 
bc 30.5 33.5 58.5 0.0 
bc 30.5 33.5 59.5 0.0 
bc 30.5 34.5 54.5 0.0 
bc 30.5 34.5 55.5 0.0 
bc 30.5 34.5 56.5 0.0 
bc 30.5 34.5 57.5 0.0 
bc 30.5 34.5 58.5 0.0 
bc 30.5 34.5 59.5 0.0 
bc 30.5 35.5 55.5 0.0 
bc 30.5 35.5 56.5 0.0 
bc 30.5 35.5 57.5 0.0 
bc 30.5 35.5 58.5 0.0 
bc 31.5 24.5 55.5 0.0 
bc 31.5 24.5 56.5 0.0 
bc 31.5 24.5 57.5 0.0 
bc 31.5 24.5 58.5 0.0 
bc 31.5 25.5 54.5 0.0 
bc 31.5 25.5 55.5 0.0 
bc 31.5 25.5 56.5 0.0 
bc 31.5 25.5 57.5 0.0 
bc 31.5 25.5 58.5 0.0 
bc 31.5 25.5 59.5 0.0 
bc 31.5 26.5 54.5 0.0 
bc 31.5 26.5 55.5 0.0 
bc 31.5 26.5 56.5 0.0 
bc 31.5 26.5 57.5 0.0 
bc 31.5 26.5 58.5 0.0 
bc 31.5 26.5 59.5 0.0 
bc 31.5 27.5 54.5 0.0 
bc 31.5 27.5 55.5 0.0 
bc 31.5 27.5 56.5 0.0 
bc 31.5 27.5 57.5 0.0 
bc 31.5 27.5 58.5 0.0 
bc 31.5 27.5 59.5 0.0 
bc 31.5 28.5 53.5 0.0 
bc 31.5 28.5 54.5 0.0 
bc 31.5 28.5 55.5 0.0 
bc 31.5 28.5 56.5 0.0 
bc 31.5 28.5 57.5 0.0 
bc 31.5 28.5 58.5 0.0 
bc 31.5 28.5 59.5 0.0 
bc 31.5 29.5 54.5 0.0 
bc 31.5 29.5 55.5 0.0 
bc 31.5 29.5 56.5 0.0 
bc 31.5 29.5 57.5 0.0 
bc 31.5 29.5 58.5 0.0 
bc 31.5 29.5 59.5 0.0 
bc 31.5 30.5 54.5 0.0 
bc 31.5 30.5 55.5 0.0 
bc 31.5 30.5 56.5 0.0 
bc 31.5 30.5 57.5 0.0 
bc 31.5 30.5 58.5 0.0 
bc 31.5 30.5 59.5 0.0 
bc 31.5 31.5 54.5 0.0 
bc 31.5 31.5 55.5 0.0 
bc 31.5 31.5 56.5 0.0 
bc 31.5 31.5 57.5 0.0 
bc 31.5 31.5 58.5 0.0 
bc 31.5 31.5 59.5 0.0 
bc 31.5 32.5 54.5 0.0 
bc 31.5 32.5 55.5 0.0 
bc 31.5 32.5 56.5 0.0 
bc 31.5 32.5 57.5 0.0 
bc 31.5 32.5 58.5 0.0 
bc 31.5 32.5 59.5 0.0 
bc 31.5 33.5 54.5 0.0 
bc 31.5 33.5 55.5 0.0 
bc 31.5 33.5 56.5 0.0 
bc 31.5 33.5 57.5 0.0 
bc 31.5 33.5 58.5 0.0 
bc 31.5 33.5 59.5 0.0 
bc 32.5 26.5 55.5 0.0 
bc 32.5 26.5 56.5 0.0 
bc 32.5 26.5 57.5 0.0 
bc 32.5 26.5 58.5 0.0 
bc 32.5 27.5 54.5 0.0 
bc 32.5 27.5 55.5 0.0 
bc 32.5 27.5 56.5 0.0 
bc 32.5 27.5 57.5 0.0 
bc 32.5 27.5 58.5 0.0 
bc 32.5 27.5 59.5 0.0 
bc 32.5 28.5 54.5 0.0 
bc 32.5 28.5 55.5 0.0 
bc 32.5 28.5 56.5 0.0 
bc 32.5 28.5 57.5 0.0 
bc 32.5 28.5 58.5 0.0 
bc 32.5 28.5 59.5 0.0 
bc 32.5 29.5 54.5 0.0 
bc 32.5 29.5 55.5 0.0 
bc 32.5 29.5 56.5 0.0 
bc 32.5 29.5 57.5 0.0 
bc 32.5 29.5 58.5 0.0 
bc 32.5 29.5 59.5 0.0 
bc 32.5 30.5 54.5 0.0 
bc 32.5 30.5 55.5 0.0 
bc 32.5 30.5 56.5 0.0 
bc 32.5 30.5 57.5 0.0 
bc 32.5 30.5 58.5 0.0 
bc 32.5 30.5 59.5 0.0 
bc 32.5 31.5 54.5 0.0 
bc 32.5 31.5 55.5 0.0 
bc 32.5 31.5 56.5 0.0 
bc 32.5 31.5 57.5 0.0 
bc 32.5 31.5 58.5 0.0 
bc 32.5 31.5 59.5 0.0 
bc 33.5 28.5 55.5 0.0 
bc 33.5 28.5 56.5 0.0 
bc 33.5 28.5 57.5 0.0 
bc 33.5 28.5 58.5 0.0 
bc 33.5 29.5 55.5 0.0 
bc 33.5 29.5 56.5 0.0 
bc 33.5 29.5 57.5 0.0 
bc 33.5 29.5 58.5 0.0 
